Id	Normal-like	Normal-like	Basal	Basal	Basal	Luminal	Luminal	Luminal	Luminal	Claudin-low	Luminal	Luminal	Luminal	Luminal	Basal	Claudin-low	Luminal	Luminal	Basal	Basal	Basal	Basal	Luminal	Basal	Claudin-low	Basal	Claudin-low	Basal	Luminal	Normal-like	Normal-like	Normal-like	Luminal	Luminal	Luminal	Claudin-low	Luminal	Luminal	Basal	Luminal	Claudin-low	Basal	Luminal	Basal	Luminal	Luminal	Luminal	Luminal	Luminal	Luminal	Luminal	Luminal
Gene1	0	0.454356415	0	0.137504157	0	0	0	0	0	6.913509685	0	0	0	0	0.124247556	4.730357221	0.09769354	0.176420011	0	0.310349431	0.464538261	0	4.540298484	0	0.124247556	0.895199025	5.070076409	0	0	5.221243305	0.070318199	1.677904279	0	0	0.214116495	0	0.124247556	0	0	0	0	4.43938841	0	0.310349431	0.286974965	1.091037644	0.214116495	0	0	0.238817581	1.091037644	0.238817581
Gene2	2.039322806	2.274744195	0.774070499	2.370448295	1.400759777	0	0.056656847	0	0	0	0	0	0	0	0	0.070318199	0	0	0.09769354	0.485280842	1.049624638	4.014313063	3.739732303	0.150616279	0	6.488131416	0	0.124247556	0	1.959647695	4.049333717	2.876088018	0	0	0	0	0	0	3.8615667	0	0	2.862004308	0	1.815374261	0	0	0	0	0	0	0	0
Gene3	8.505477779	9.134248217	0.713914301	0.344851962	0.286974965	0.263166691	0.226562273	1.520780522	0.274942543	0.070318199	0	0.926202322	3.30202642	0.622746306	3.152451622	0.464538261	0.321939345	0.263166691	0.263166691	7.399496181	5.142196282	1.560636642	3.734126063	4.928072861	0	0.014351108	1.459506213	0.731294584	0.525942177	7.752864355	7.81262593	8.402734818	0.014351108	0.189018886	1.195469914	1.545897745	4.194641339	0.565594295	1.872089186	0.226562273	0.176420011	2.833893405	1.844019995	3.794003882	2.41963284	0	0.163530747	0.09769354	0.286974965	0.565594295	0.111089056	0.201752599
Gene4	5.199763202	3.975563207	3.253807839	3.702386489	3.727587388	5.161704072	0.356145768	6.481199811	4.182265222	5.332669927	2.485161616	2.074068374	3.240190313	3.355888658	4.795197573	5.30626157	4.868862579	1.952677188	2.518135823	5.07397236	6.055111107	4.91933232	5.574732423	5.82248125	4.916419157	6.854946735	4.564366164	4.241337333	1.163559091	4.86110279	3.667903484	2.846182598	4.689761339	5.470750329	3.734126063	2.827754287	4.00201999	4.40677522	3.460490172	0.622746306	2.477571832	2.700566847	2.546143746	2.462414599	1.25680918	0.941376866	0	1.959647695	4.287151566	3.870966706	3.948191638	4.185120774
Gene5	5.980137672	4.938757872	5.641512468	5.797871117	5.88452779	5.294528018	5.305283691	6.112362804	5.720147717	6.489121672	5.253477834	4.581704462	4.290972534	4.469151013	5.63463546	5.960416804	5.873691326	5.220266769	6.274400835	6.895641147	6.329779816	5.844143626	5.011671319	6.402994917	6.06695384	6.131124057	5.322887792	6.405963929	5.419794675	5.958444928	5.849067598	4.702322502	6.668463775	5.087610394	5.974221012	6.230905777	6.100515198	5.542345119	4.986382746	5.63168835	5.066180739	4.869832643	5.194882444	4.651135814	5.52664717	6.243755002	6.205211385	5.455067746	5.274976942	5.891424359	5.694583127	5.315063151
Gene6	5.659198882	5.836265813	5.35615304	5.531552426	5.443308084	6.418830384	3.522276899	6.851969436	6.699199933	0.250849421	6.272423458	5.113921909	5.344410432	6.153839173	5.273999548	0.214116495	7.537809267	6.167667948	8.030834905	5.391393317	6.439617157	7.146934803	5.63463546	6.132111578	0.333445016	6.40200526	0.028551411	6.149888396	5.46682936	4.622191081	3.801500542	5.202691851	6.421799734	5.833311805	6.888692712	0.454356415	6.375287231	6.407943306	5.868766067	3.206656679	0.505764999	4.069231504	6.501995607	5.138295525	4.963050606	5.850052424	5.348324402	5.150973964	5.233939713	5.664112454	5.8579314	5.885512984
Gene7	7.047573961	6.540624092	6.480209609	6.560437396	6.519822902	6.587189389	6.213116772	6.258582692	5.533514618	7.684151034	6.806323438	7.24733243	7.007842206	6.294176301	6.849984595	6.622865788	5.548232694	6.288243339	6.465357383	6.308020949	6.535671168	6.70614113	5.347345887	7.426357549	7.081351691	6.496053651	6.825175861	7.82059488	6.477239042	7.64332796	7.292077255	7.788720117	6.141987249	6.17557084	6.451496685	7.519894553	5.939714027	5.78114005	7.290088429	6.780528536	7.313955354	5.701465142	6.074849711	7.656271318	6.531708945	5.62775904	6.424769148	6.74085132	6.895641147	6.468327707	5.937742557	6.319888971
Gene8	4.524903381	4.338774201	5.426651932	5.544307593	5.675906226	5.865811035	4.95916297	6.043269671	6.307031996	5.418815122	4.979576424	5.692616941	5.40804096	5.713264185	5.511933344	5.940699777	5.826419486	6.686309892	4.151823918	6.635750885	5.793934115	6.353520877	5.886498188	5.198787018	6.417840614	5.80180829	5.117820975	6.676395148	6.134086644	4.820385308	4.953332084	4.926130383	6.049190226	6.523784812	7.350754462	5.760476596	6.87678169	5.762444336	4.133765069	4.889238139	4.16513794	4.852374576	5.458988068	5.398247737	6.528737347	5.911131553	5.964360672	5.348324402	6.339671407	5.853006962	5.995917098	5.795902594
Gene9	3.148845742	3.973674523	4.182265222	4.923216811	4.817478309	5.000970786	4.694592103	3.580574741	4.581704462	4.891179127	5.257386207	5.471730604	3.977452037	4.271872456	4.290972534	5.496241829	4.832984463	3.463251939	5.086636136	5.035998918	4.29192785	4.290972534	5.463888774	4.749702358	5.575714071	5.033079009	4.99318998	3.743470645	4.217503528	3.754689728	4.703288903	3.562972891	4.300527022	4.215597658	4.023773358	5.563935129	3.711716488	4.425955655	5.057416514	4.088195822	6.393098671	4.684931142	6.096566275	4.269963105	5.503106454	4.660788738	4.605798528	4.460507631	4.72745621	4.645345177	4.84752628	3.625117701
Gene10	0.971022478	0.765308606	0.546165314	0.695850188	0.411447302	6.277366959	6.507937801	6.843037818	6.433677766	0.68714462	7.975025935	5.608115387	5.850052424	6.823191305	0.632285893	0.298689796	6.725974671	6.164704501	0.443586448	0.274942543	1.12429832	1.263155619	5.939714027	0.525942177	0.525942177	3.505655613	0.555831709	0.321939345	5.434489627	0.274942543	0.815701466	0.443586448	8.101603092	7.038633674	4.990272482	0.903161489	6.856931628	7.05850148	2.733509836	5.94957196	0.705081089	0.495842851	7.650297398	0.411447302	5.550195321	5.385518652	4.512399634	6.359456805	5.059363995	6.009726065	5.943657084	5.46094831
Gene11	2.733509836	4.037023694	7.050554139	7.025720581	6.875789138	8.207277495	6.651610867	7.57961434	6.785488809	0	6.954216254	6.730933413	6.210152191	6.147913059	7.825575561	0.070318199	7.241367056	6.112362804	7.525866006	7.743900978	6.626830324	6.986986019	6.362424868	7.190667223	1.627386994	6.978048293	0.389537821	7.392532546	6.467337592	3.374190165	4.822323411	3.456808527	8.13150851	7.543781074	7.118115649	2.107440731	8.204286386	7.109172512	5.576695731	5.659198882	0.799200637	6.119274483	6.867848906	6.370340023	7.006849007	5.832327156	6.334725518	5.911131553	7.407454836	7.294066096	6.987979124	7.186691214
Gene12	5.989013303	6.154826888	5.337561547	5.684752658	5.451147641	6.410912425	5.102226353	5.331691647	5.622847672	5.779171895	5.103200888	4.738094222	5.07105037	5.164630813	4.637625638	5.808698756	5.46094831	4.327295176	6.870826455	5.472710894	4.997080235	5.659198882	5.36691893	6.122236761	6.42971831	6.337693029	4.004856318	5.957459004	4.768088321	6.838075992	5.428611273	5.821496717	5.838235203	5.209525926	6.350553012	6.079784918	5.478592909	5.759492743	5.790981477	5.746703653	4.616404686	4.967910576	4.050280885	6.040309515	6.251662883	5.767363878	6.441597009	4.350257355	5.491338921	6.432687892	6.343628251	6.1202619
Gene13	0	0.111089056	1.310616287	0.565594295	1.063528339	6.472288233	4.234661928	8.753927039	10.00822628	0	4.015258933	6.202246999	6.054124271	10.56183537	0.422127994	0.356145768	10.39193981	8.596265429	0.356145768	0	0.124247556	0.713914301	6.107426149	0.464538261	0	0	0.298689796	0.669019954	6.944287061	0.124247556	1.761612904	0	6.051163817	4.905739061	10.71774978	3.455888242	9.715502281	3.39618023	0	3.26471122	0	0	3.928390275	0	0.298689796	6.357478133	8.350871706	12.81117566	8.658128218	9.938287223	8.214256822	8.830775058
Gene14	7.008835409	7.84948375	7.618438324	7.740913236	7.77577179	6.866856401	8.925598369	6.883729697	8.075686665	0.333445016	7.292077255	8.640167449	7.799676754	8.179361198	6.514870662	1.416850603	7.389548185	6.55944667	7.24932092	6.862886429	6.564400363	7.465161805	7.339813652	7.6264028	1.560636642	8.218245053	0.274942543	6.027483123	7.443271577	6.418830384	7.463171715	5.924928956	6.773584385	7.599523484	7.788720117	0.422127994	6.091630318	8.28804428	7.77577179	8.712013413	0.933772731	7.6264028	7.804657153	7.365674467	7.983994733	8.089641478	7.766807836	8.086651124	8.342893206	8.279069553	8.140480516	7.468146964
Gene15	0	0.971022478	2.887544756	2.362145298	2.75524536	3.702386489	7.080358154	6.307031996	4.680101515	0.622746306	4.921274527	6.903582518	6.587189389	6.895641147	3.279261901	1.400759777	5.742768926	3.961401641	3.220241679	2.147427426	4.129964712	5.209525926	5.663129716	6.123224204	0.422127994	4.546073307	0.378663742	2.179614806	5.261294827	0.226562273	0.389537821	0.298689796	5.192930254	4.22894135	6.957195107	0.356145768	6.047216672	5.570805959	4.930986723	6.999896747	0.163530747	3.332129133	5.879601972	4.892149651	3.554641148	4.94167237	4.463388521	6.741843142	6.797394019	7.100229729	5.982109968	6.06695384